#OTU ID	P1_B06_71SHCON2_S508_N703	P1_D05_13SHC4C1_S505_N703	P1_D08_34TCONS4_S502_N705	P1_F05_15SHC6C3_S506_N703	P1_G03_33TCONS3_S506_N702	P1_H04_19MMC1_S503_N703	P1_H06_36TCONS6_S503_N704	P1_H09_37TCONS7_S508_N705	P2_C01_18IZTAC3_S503_N707	P2_E03_72SHCON3_S505_N708	P3_A02_39TCONSER9_S503_N711	P3_A05_107ACON20_S507_N712	P3_A06_128ACON18_S503_N701	P3_C03_125ACON15_S508_N711	P3_C04_79ACON1_S504_N712	P3_C05_110ACON23_S508_N712	P3_C06_84ACON6_S504_N701	P3_E03_86ACON8_S517_N711	P3_E06_80ACON2_S505_N701	P3_G03_126ACON16_S502_N712	P3_G05_109ACON22_S502_N701	P3_G06_108ACON21_S506_N701	P3_G07_111ACON24_S502_N702	P3_H03G04_123ACON13_S506_N712	P4_C09_73SHCON4_S504_N707	P4_C10_106ACON19_S508_N707	P4_E03_122ACON12_S504_N704	P4_E06_120ACON10_S508_N705
Zotu100_P4_C09_73SHCON4_S504_N707	0	0	0	0	0	0	0	0	0	0	0	0	0	0	0	0	0	0	0	0	0	0	0	0	9	0	0	0
Zotu100_P4_E06_120ACON10_S508_N705	0	0	0	0	0	0	0	0	0	0	0	0	0	0	0	0	0	0	0	0	0	0	0	0	0	0	0	44
Zotu101_P1_H06_36TCONS6_S503_N704	0	0	0	0	0	0	31	0	0	0	0	0	0	0	0	0	0	0	0	0	0	0	0	0	0	0	0	0
Zotu101_P3_E03_86ACON8_S517_N711	0	0	0	0	0	0	0	0	0	0	0	0	0	0	0	0	0	51	0	0	0	0	0	0	0	0	0	0
Zotu106_P4_E06_120ACON10_S508_N705	0	0	0	0	0	0	0	0	0	0	0	0	0	0	0	0	0	0	0	0	0	0	0	0	0	0	0	38
Zotu107_P1_F05_15SHC6C3_S506_N703	0	0	0	25	0	0	0	0	0	0	0	0	0	0	0	0	0	0	0	0	0	0	0	0	10	0	0	0
Zotu110_P4_E06_120ACON10_S508_N705	0	0	0	0	0	0	0	0	0	0	0	0	0	0	0	0	0	0	0	0	0	0	0	0	0	0	0	34
Zotu111_P4_E06_120ACON10_S508_N705	0	0	0	0	0	0	0	0	0	0	0	0	0	0	0	0	0	0	0	0	0	0	0	0	0	0	0	34
Zotu114_P4_E06_120ACON10_S508_N705	0	0	0	0	0	0	0	0	0	0	0	0	0	0	0	0	0	0	0	0	0	0	0	0	0	0	0	30
Zotu122_P2_E03_72SHCON3_S505_N708	0	0	0	0	0	0	0	0	0	20	0	0	0	0	0	0	0	0	0	0	0	0	0	0	0	0	0	0
Zotu122_P3_C03_125ACON15_S508_N711	0	0	0	0	0	0	0	0	0	0	0	0	0	4	0	0	0	0	0	0	0	0	0	0	0	0	0	0
Zotu125_P1_H06_36TCONS6_S503_N704	0	0	0	0	0	0	16	0	0	0	0	0	0	0	0	0	0	0	0	0	0	0	0	0	0	0	0	0
Zotu128_P1_H04_19MMC1_S503_N703	0	0	0	0	0	5	0	0	0	0	0	0	0	0	0	0	0	0	0	0	0	0	0	0	0	0	0	0
Zotu129_P1_D08_34TCONS4_S502_N705	1	0	14	30	8	0	47	0	0	0	5	0	0	0	0	1	0	0	0	0	0	0	0	0	4	0	0	0
Zotu132_P1_D05_13SHC4C1_S505_N703	0	30	0	0	74	0	0	0	0	25	0	0	0	0	0	0	0	0	0	0	92	1	3	12	0	0	0	0
Zotu141_P4_E06_120ACON10_S508_N705	0	0	0	0	0	0	0	0	0	0	0	0	0	0	0	0	0	0	0	0	0	0	0	0	0	0	0	14
Zotu142_P1_H06_36TCONS6_S503_N704	0	0	0	0	0	0	11	0	0	0	0	0	0	0	0	0	0	0	0	0	0	0	0	0	0	0	0	0
Zotu143_P3_A05_107ACON20_S507_N712	0	0	0	0	0	0	0	0	0	0	0	38	0	0	0	0	0	0	0	0	0	0	0	0	0	0	0	0
Zotu146_P3_C06_84ACON6_S504_N701	0	0	0	0	0	0	0	0	0	0	0	0	0	0	0	0	16	0	0	0	0	0	0	0	0	0	0	0
Zotu157_P3_C04_79ACON1_S504_N712	0	0	0	0	0	0	0	0	0	0	0	0	0	0	14	0	0	0	0	0	0	0	0	0	0	0	0	0
Zotu159_P1_H09_37TCONS7_S508_N705	0	0	0	0	0	0	0	10	0	0	0	0	0	0	0	0	0	0	0	0	0	0	0	0	0	0	0	0
Zotu160_P3_G06_108ACON21_S506_N701	0	0	0	0	0	0	0	0	0	0	0	0	0	0	0	0	0	0	0	0	0	25	0	0	0	0	0	0
Zotu161_P2_E03_72SHCON3_S505_N708	0	0	0	0	0	0	0	0	0	9	0	0	0	0	0	0	0	0	0	0	0	0	0	0	0	0	0	0
Zotu172_P4_E06_120ACON10_S508_N705	0	0	0	0	0	0	0	0	0	0	0	0	0	0	0	0	0	0	0	0	0	0	0	0	0	0	0	5
Zotu180_P4_C10_106ACON19_S508_N707	0	0	0	0	0	0	0	0	0	0	0	1	0	0	0	0	0	0	0	0	0	0	0	0	0	8	0	0
Zotu184_P4_E06_120ACON10_S508_N705	0	0	0	0	0	0	0	0	0	0	0	0	0	0	0	0	0	0	0	0	0	0	0	0	0	0	0	4
Zotu185_P4_E06_120ACON10_S508_N705	0	0	0	0	0	0	0	0	0	0	0	0	0	0	0	0	0	0	0	0	0	0	0	0	0	0	0	4
Zotu191_P3_A02_39TCONSER9_S503_N711	0	0	0	0	0	0	0	0	0	0	20	0	0	0	0	0	0	0	0	0	0	0	0	0	0	0	0	0
Zotu201_P3_G03_126ACON16_S502_N712	0	0	0	0	0	0	0	0	0	0	0	0	3	0	0	0	0	0	0	10	0	0	0	0	0	0	0	0
Zotu24_P4_E06_120ACON10_S508_N705	0	0	0	0	0	0	0	0	0	0	0	0	0	0	0	0	0	0	0	0	0	0	0	0	0	0	0	371
Zotu260_P3_A02_39TCONSER9_S503_N711	0	0	0	0	0	0	0	0	0	0	6	0	0	0	0	0	0	0	0	0	0	0	0	0	0	0	0	0
Zotu264_P3_A02_39TCONSER9_S503_N711	0	0	0	0	0	0	0	0	0	0	5	0	0	0	0	0	0	0	0	0	0	0	0	0	0	0	0	0
Zotu274_P3_A02_39TCONSER9_S503_N711	0	0	0	0	0	0	0	0	0	0	4	0	0	0	0	0	0	0	0	0	0	0	0	0	0	0	0	0
Zotu40_P4_E06_120ACON10_S508_N705	0	0	0	0	0	0	0	0	0	0	0	0	0	0	0	0	0	0	0	0	0	0	0	0	0	0	0	169
Zotu41_P3_C06_84ACON6_S504_N701	0	0	0	0	0	0	0	0	0	0	0	0	0	0	0	0	110	0	2	7	0	0	0	0	0	0	0	0
Zotu47_P3_C03_125ACON15_S508_N711	0	0	0	0	0	0	0	0	0	0	0	0	0	57	0	0	0	0	0	0	0	0	0	0	0	0	0	0
Zotu49_P4_E06_120ACON10_S508_N705	0	0	0	0	0	0	0	0	0	0	0	0	0	0	0	0	0	0	0	0	0	0	0	0	0	1	0	112
Zotu50_P4_E06_120ACON10_S508_N705	0	0	0	0	0	0	0	0	0	0	0	0	0	0	0	1	0	0	0	0	0	0	0	0	0	0	0	108
Zotu52_P4_E06_120ACON10_S508_N705	0	0	0	0	0	0	0	0	0	0	0	0	0	0	0	0	0	0	0	0	0	0	0	0	0	0	0	106
Zotu53_P4_E06_120ACON10_S508_N705	0	0	0	0	0	0	0	0	0	0	0	0	0	0	0	0	0	0	0	0	0	0	0	0	0	0	0	106
Zotu54_P4_E06_120ACON10_S508_N705	0	0	0	0	0	0	0	0	0	0	0	0	0	0	0	0	0	0	0	0	0	0	0	0	0	0	0	106
Zotu57_P4_E06_120ACON10_S508_N705	0	0	0	0	0	0	0	0	0	0	0	0	0	0	0	0	0	0	0	0	0	0	0	0	0	0	0	103
Zotu59_P3_C06_84ACON6_S504_N701	0	0	0	0	0	0	0	0	0	0	0	0	0	0	0	0	85	0	0	1	0	0	0	0	0	0	0	0
Zotu59_P4_E06_120ACON10_S508_N705	0	0	0	0	0	0	0	0	0	0	0	0	0	0	0	0	0	0	0	0	0	0	0	0	0	0	0	100
Zotu63_P4_E06_120ACON10_S508_N705	0	0	0	0	0	0	0	0	0	0	0	0	0	0	0	0	0	0	0	0	0	0	0	0	0	0	0	96
Zotu64_P4_E06_120ACON10_S508_N705	0	0	0	0	0	0	0	0	0	0	0	0	0	0	0	0	0	0	0	0	0	0	0	0	0	0	0	96
Zotu65_P4_E06_120ACON10_S508_N705	0	0	0	0	0	0	0	0	0	0	0	0	0	0	0	0	0	0	0	0	0	0	0	0	0	0	0	95
Zotu67_P3_C06_84ACON6_S504_N701	0	0	0	0	0	0	0	0	0	0	0	0	0	0	0	0	63	0	0	0	0	0	0	0	0	0	0	0
Zotu69_P4_E06_120ACON10_S508_N705	0	0	0	0	0	0	0	0	0	0	0	0	0	0	0	0	0	0	0	0	0	0	0	0	0	0	0	83
Zotu74_P1_H06_36TCONS6_S503_N704	0	0	0	0	0	0	74	0	0	0	0	0	0	0	0	0	0	0	0	0	0	0	0	0	0	0	0	0
Zotu77_P4_E06_120ACON10_S508_N705	0	0	0	0	0	0	0	0	0	0	0	0	0	0	0	0	0	0	0	0	0	0	0	0	0	0	0	69
Zotu78_P4_E06_120ACON10_S508_N705	0	0	0	0	0	0	0	0	0	0	0	0	0	0	0	0	0	0	0	0	0	0	0	0	0	0	0	65
Zotu7_P4_E06_120ACON10_S508_N705	0	0	0	0	0	0	0	0	0	0	0	0	0	0	0	0	0	0	0	0	0	0	0	0	0	0	1	1457
Zotu81_P2_C01_18IZTAC3_S503_N707	0	0	0	0	0	0	0	0	61	0	0	0	0	0	0	0	0	0	0	0	0	0	0	0	0	0	0	0
Zotu82_P3_C06_84ACON6_S504_N701	0	0	0	0	0	0	0	0	0	0	0	0	0	0	0	0	46	0	0	0	0	0	0	0	0	0	0	0
Zotu85_P3_C06_84ACON6_S504_N701	0	0	0	0	0	0	0	0	0	0	0	0	0	0	0	0	44	0	0	0	0	0	0	0	0	0	0	0
Zotu89_P4_E06_120ACON10_S508_N705	0	0	0	0	0	0	0	0	0	0	0	0	0	0	0	0	0	0	0	0	0	0	0	0	0	0	0	54
Zotu91_P4_E06_120ACON10_S508_N705	0	0	0	0	0	0	0	0	0	0	0	0	0	0	0	0	0	0	0	0	0	0	0	0	0	0	0	53
Zotu96_P3_A06_128ACON18_S503_N701	0	0	0	0	0	0	0	0	0	0	0	0	16	0	0	0	0	0	0	0	0	0	0	0	0	0	0	0
Zotu96_P4_E06_120ACON10_S508_N705	0	0	0	0	0	0	0	0	0	0	0	0	0	0	0	0	0	0	0	0	0	0	0	0	0	0	0	46
