#OTU ID	P1_A01_32TCONS2_S502_N701	P1_A03_38TCONS8_S503_N702	P1_B08_17IZPOC2_S517_N704	P1_D05_13SHC4C1_S505_N703	P1_D06_74SHCON5_S517_N703	P1_D07_35TCONS5_S506_N704	P1_D08_34TCONS4_S502_N705	P1_E02_21MMC3_S517_N701	P1_F05_15SHC6C3_S506_N703	P1_F11_78SHCON9_S508_N706	P1_G03_33TCONS3_S506_N702	P1_H01_75SHCON6_S506_N701	P1_H04_19MMC1_S503_N703	P1_H06_36TCONS6_S503_N704	P1_H08_70SHCON1_S504_N705	P2_A01_16IZPOC1_S502_N707	P2_A02_76SHCON7_S506_N707	P2_C01_18IZTAC3_S503_N707	P2_E01_31TCONS1_S504_N707	P2_E02_77SHCON8_S508_N707	P2_G01_87ACONS9_S505_N707	P2_G02_14SHCN5C2_S517_N707	P3_A02_39TCONSER9_S503_N711	P3_A05_107ACON20_S507_N712	P3_A07_81ACON3_S507_N701	P3_C03_125ACON15_S508_N711	P3_C05_110ACON23_S508_N712	P3_E03_86ACON8_S517_N711	P3_E04_121ACON11_S505_N712	P3_G02_82ACON4_S506_N711	P3_G03_126ACON16_S502_N712	P3_G06_108ACON21_S506_N701	P3_G07_111ACON24_S502_N702	P3_G08_127ACON17_S506_N702	P4_C09_73SHCON4_S504_N707	P4_C10_106ACON19_S508_N707	P4_E06_120ACON10_S508_N705
Zotu108_P1_A01_32TCONS2_S502_N701	22	0	0	0	0	5	0	0	0	0	2	0	34	0	18	0	0	0	0	0	0	0	0	0	0	0	0	0	0	0	0	0	0	0	0	0	0
Zotu10_P1_B08_17IZPOC2_S517_N704	0	0	788	0	0	0	0	0	0	0	0	0	0	0	0	0	0	0	0	0	0	0	0	0	0	0	0	0	0	0	0	0	0	0	0	0	0
Zotu117_P3_C03_125ACON15_S508_N711	0	0	0	0	0	0	0	0	0	0	0	0	0	0	0	0	0	0	0	0	0	0	0	0	0	5	0	0	0	31	0	0	0	3653	0	0	0
Zotu118_P3_G06_108ACON21_S506_N701	0	0	0	0	0	0	0	0	0	0	0	0	0	0	0	0	0	0	0	0	0	0	0	0	0	0	0	0	0	0	0	51	0	0	0	0	0
Zotu11_P1_H04_19MMC1_S503_N703	0	0	0	0	0	0	0	0	0	0	0	0	1326	0	0	0	0	0	0	0	0	0	0	0	0	0	0	0	0	0	0	0	0	0	0	0	0
Zotu125_P4_E06_120ACON10_S508_N705	0	0	0	0	0	0	0	0	0	0	0	0	0	0	0	0	0	0	0	0	0	0	0	0	0	0	0	0	0	0	0	0	0	0	0	0	20
Zotu126_P3_A05_107ACON20_S507_N712	0	0	0	0	0	0	0	0	0	0	0	0	0	0	0	0	0	0	0	0	0	0	0	45	0	0	0	0	0	0	0	0	277	0	0	0	0
Zotu133_P2_E02_77SHCON8_S508_N707	0	0	0	0	0	0	0	0	0	0	0	0	0	0	0	0	0	0	0	15	13	0	0	0	0	0	0	0	0	0	0	0	0	0	0	0	0
Zotu133_P2_G02_14SHCN5C2_S517_N707	0	0	0	0	0	0	0	0	0	0	0	0	0	0	0	3	0	0	0	0	0	27	0	0	0	0	0	0	0	0	0	0	0	0	0	0	0
Zotu134_P1_E02_21MMC3_S517_N701	0	0	0	0	0	0	0	13	0	0	0	0	0	0	0	0	0	0	0	0	0	0	0	0	0	0	0	0	0	0	0	0	0	0	0	0	0
Zotu137_P1_A01_32TCONS2_S502_N701	9	0	0	0	0	0	0	10	0	0	0	0	0	0	0	0	0	0	0	0	0	0	0	0	0	0	0	0	0	0	0	0	0	0	0	0	0
Zotu140_P2_G01_87ACONS9_S505_N707	0	0	0	0	0	0	0	0	0	0	0	0	0	0	0	0	0	0	0	0	4	0	0	0	0	0	3	0	20	0	4	3	0	0	0	0	0
Zotu152_P2_C01_18IZTAC3_S503_N707	0	0	0	0	0	0	0	0	0	0	0	0	0	0	0	0	0	21	0	0	0	0	0	0	0	0	0	0	0	0	0	0	0	0	0	0	0
Zotu155_P1_F05_15SHC6C3_S506_N703	0	0	0	0	0	0	0	0	10	0	0	0	0	0	0	0	0	0	0	0	0	0	0	0	0	0	0	0	0	0	0	0	0	0	0	0	0
Zotu165_P2_G02_14SHCN5C2_S517_N707	0	0	0	0	0	0	0	0	0	0	0	0	0	0	0	0	0	0	0	0	0	16	0	0	0	0	0	0	0	0	0	0	0	0	0	0	0
Zotu173_P2_A01_16IZPOC1_S502_N707	0	0	0	0	0	0	0	0	0	0	0	0	0	0	0	8	0	0	0	0	0	0	0	0	0	0	0	0	0	0	0	0	0	0	0	0	0
Zotu176_P1_H06_36TCONS6_S503_N704	0	0	0	0	0	0	0	0	0	0	0	0	0	4	0	0	0	0	0	3	4048	0	0	0	0	0	0	0	0	0	0	0	0	0	0	0	0
Zotu180_P1_F11_78SHCON9_S508_N706	0	0	0	0	0	0	0	0	0	5	0	0	0	0	0	0	0	0	0	0	0	0	0	0	0	0	0	0	0	0	0	0	0	0	0	0	0
Zotu182_P2_G02_14SHCN5C2_S517_N707	0	0	0	0	0	0	0	0	0	0	0	0	0	0	0	0	0	0	0	0	0	13	0	0	0	0	0	0	0	0	0	0	0	0	0	0	0
Zotu18_P1_F05_15SHC6C3_S506_N703	0	0	0	0	0	0	0	0	326	0	0	0	0	0	0	0	0	0	0	0	0	0	0	0	0	0	0	0	0	0	0	0	0	0	0	0	0
Zotu19_P1_F05_15SHC6C3_S506_N703	0	0	0	0	0	0	0	0	323	0	0	0	0	0	0	0	1	0	0	0	0	472	0	0	0	0	0	0	0	0	0	0	0	0	0	0	0
Zotu1_P3_C05_110ACON23_S508_N712	0	0	0	0	0	0	0	0	0	0	0	0	0	0	0	0	0	0	0	0	0	0	0	0	0	2	7768	0	0	0	0	0	0	0	0	3	1
Zotu209_P2_C01_18IZTAC3_S503_N707	0	0	0	0	0	0	0	0	0	0	0	0	0	0	0	0	0	9	0	0	0	0	0	0	0	0	0	0	0	0	0	0	0	0	0	0	0
Zotu20_P2_G01_87ACONS9_S505_N707	0	0	0	0	0	0	0	0	0	0	0	0	0	1	0	0	0	0	0	1	486	0	0	0	0	0	0	0	0	0	17	0	0	0	0	0	0
Zotu210_P3_A07_81ACON3_S507_N701	0	0	0	0	0	0	0	0	0	0	0	0	0	0	0	0	0	0	0	0	0	0	0	0	5	0	0	0	0	0	0	0	0	0	0	0	0
Zotu237_P3_A07_81ACON3_S507_N701	0	0	0	0	0	0	0	0	0	0	0	0	0	0	0	0	0	0	0	0	0	0	0	0	4	0	0	0	0	0	0	0	0	0	0	0	0
Zotu23_P2_G01_87ACONS9_S505_N707	0	0	0	0	0	0	0	0	0	0	0	0	0	0	0	0	0	0	0	0	350	0	0	0	0	0	0	0	0	0	0	0	0	0	0	0	0
Zotu24_P1_F05_15SHC6C3_S506_N703	0	0	0	0	0	0	0	0	299	0	0	0	0	0	0	0	0	0	0	0	0	0	0	0	0	0	0	0	0	0	0	0	0	0	0	0	0
Zotu257_P1_B08_17IZPOC2_S517_N704	0	2	4	0	0	0	0	0	0	0	0	0	0	0	0	1571	0	0	0	1	0	0	0	0	0	0	0	0	0	0	0	0	0	0	0	0	0
Zotu258_P3_C05_110ACON23_S508_N712	0	0	0	0	0	0	0	0	0	0	0	0	0	0	0	0	0	0	0	0	0	0	0	0	0	0	8	0	0	0	0	0	0	3	0	0	0
Zotu26_P2_C01_18IZTAC3_S503_N707	0	0	0	0	0	0	0	0	0	0	0	0	0	0	0	0	0	249	0	0	0	0	0	0	0	0	0	0	0	0	0	0	0	0	0	0	0
Zotu271_P2_A01_16IZPOC1_S502_N707	0	0	0	0	0	0	0	0	0	0	0	0	0	0	0	4	0	0	0	0	0	0	0	0	0	0	0	0	0	0	0	0	0	0	0	0	0
Zotu284_P3_E03_86ACON8_S517_N711	0	0	0	0	0	0	0	0	0	0	0	0	0	0	0	0	0	0	0	0	0	0	0	0	0	0	0	4	0	0	0	0	0	0	0	0	0
Zotu299_P2_C01_18IZTAC3_S503_N707	0	0	0	0	0	0	0	0	0	0	0	0	0	0	0	0	0	4	0	0	0	0	0	0	0	0	0	0	0	0	0	0	0	0	0	0	0
Zotu2_P1_B08_17IZPOC2_S517_N704	0	0	1837	0	0	0	0	0	0	0	0	0	0	0	0	0	0	1	0	0	0	0	0	0	0	0	0	0	0	0	0	0	0	0	0	0	0
Zotu31_P1_H01_75SHCON6_S506_N701	0	0	1	1	0	0	0	0	0	0	0	461	0	0	23	0	0	0	0	2	0	0	0	0	0	0	0	0	0	0	0	0	0	0	1573	0	0
Zotu32_P1_F05_15SHC6C3_S506_N703	0	0	0	0	0	0	0	0	229	0	0	0	0	0	0	0	0	0	0	0	0	0	0	0	0	0	0	0	0	0	0	0	0	0	0	0	0
Zotu33_P3_C05_110ACON23_S508_N712	0	0	0	0	0	0	0	0	0	0	0	0	0	0	0	0	0	0	0	0	0	0	0	0	0	0	142	0	0	0	0	0	0	0	0	0	0
Zotu38_P1_B08_17IZPOC2_S517_N704	0	0	83	0	1	0	0	0	0	0	0	0	0	0	0	0	0	0	0	0	0	0	0	0	0	0	0	0	0	0	0	0	0	0	0	0	0
Zotu39_P1_F11_78SHCON9_S508_N706	0	0	0	0	0	0	0	0	0	150	0	0	0	0	0	0	0	0	0	0	0	0	0	0	0	0	0	0	0	0	0	0	0	0	0	0	0
Zotu3_P1_F05_15SHC6C3_S506_N703	0	0	0	0	0	0	0	0	3339	0	0	1	0	0	0	0	0	0	0	0	0	0	0	0	0	0	0	0	0	0	0	0	0	0	0	0	0
Zotu42_P1_B08_17IZPOC2_S517_N704	0	0	77	0	0	0	0	0	0	0	0	0	0	0	0	0	0	0	0	0	0	0	0	0	0	0	0	0	0	0	0	0	0	0	0	0	0
Zotu44_P1_D05_13SHC4C1_S505_N703	0	0	0	162	2	0	0	169	0	0	0	0	0	0	0	0	0	0	0	0	0	17	0	0	0	0	0	0	0	0	0	0	0	0	0	0	0
Zotu4_P2_C01_18IZTAC3_S503_N707	0	0	2	0	0	0	0	0	0	0	0	0	0	0	0	0	0	1651	0	0	0	0	0	0	0	0	0	0	0	0	0	0	0	0	0	0	0
Zotu4_P3_C05_110ACON23_S508_N712	0	0	0	0	0	0	0	0	0	0	0	0	0	0	0	0	0	0	0	0	0	0	0	0	0	0	2393	0	0	0	0	0	0	0	0	0	1
Zotu53_P1_D08_34TCONS4_S502_N705	0	0	0	0	0	0	113	0	0	0	0	0	0	0	0	0	0	0	0	0	0	0	0	0	0	0	0	0	0	0	0	0	0	0	0	0	0
Zotu53_P3_C05_110ACON23_S508_N712	0	0	0	0	0	0	0	0	0	0	0	0	0	0	0	0	0	0	0	0	0	0	0	0	0	0	90	0	0	0	0	0	0	0	0	0	0
Zotu56_P2_A01_16IZPOC1_S502_N707	0	0	0	0	0	0	0	0	0	0	0	0	0	0	0	43	0	0	0	0	0	0	0	0	0	0	0	0	0	0	0	0	0	0	0	0	0
Zotu60_P2_A01_16IZPOC1_S502_N707	0	0	0	0	0	0	0	0	0	0	0	0	0	0	0	39	0	0	0	0	0	0	0	0	0	0	0	0	0	0	0	0	0	0	0	0	0
Zotu61_P3_E04_121ACON11_S505_N712	0	0	0	0	0	0	0	0	0	0	0	0	0	0	0	0	0	0	0	0	0	0	0	0	0	0	0	0	105	0	0	0	0	0	0	0	0
Zotu65_P1_H08_70SHCON1_S504_N705	0	0	0	0	0	0	0	0	0	0	0	0	0	0	72	0	0	0	0	0	0	0	0	0	0	0	0	0	0	0	0	0	0	0	0	0	0
Zotu6_P1_E02_21MMC3_S517_N701	0	0	0	0	0	0	0	548	0	0	0	0	0	0	0	0	0	0	0	0	0	0	1	0	0	0	0	0	0	0	0	0	0	0	0	0	0
Zotu75_P1_A03_38TCONS8_S503_N702	0	46	0	0	0	0	0	0	0	0	0	0	0	0	0	0	0	0	0	0	0	0	0	0	586	0	0	0	0	0	0	0	0	0	0	0	0
Zotu79_P1_H06_36TCONS6_S503_N704	0	0	0	0	0	0	0	0	0	0	0	0	0	68	0	0	0	0	1	0	0	0	0	0	0	0	0	0	0	0	0	0	0	0	0	0	0
Zotu82_P3_E03_86ACON8_S517_N711	0	0	0	0	0	0	0	0	0	0	0	0	0	0	0	0	0	0	0	0	0	0	0	0	0	0	0	77	0	0	0	0	0	0	0	0	0
Zotu83_P1_E02_21MMC3_S517_N701	0	0	0	0	0	1	0	33	0	2	0	0	2	0	0	0	0	0	0	72	0	20	0	0	2	0	0	0	0	8	0	0	0	0	0	0	0
Zotu95_P1_E02_21MMC3_S517_N701	0	0	0	0	0	0	0	28	0	0	0	0	0	0	0	0	0	0	0	0	0	0	0	0	0	0	0	0	0	0	0	0	0	0	0	0	0
Zotu96_P1_E02_21MMC3_S517_N701	0	0	0	0	0	0	0	28	0	0	0	0	0	0	0	8	0	0	0	0	0	0	0	0	0	0	0	0	0	0	0	0	0	0	0	0	0
Zotu96_P2_C01_18IZTAC3_S503_N707	0	0	0	0	0	0	0	0	0	0	0	0	0	0	0	0	0	43	0	0	0	0	0	0	0	0	0	0	0	0	0	0	0	0	0	0	0
Zotu99_P2_G01_87ACONS9_S505_N707	0	0	0	0	0	0	0	0	0	0	0	0	0	0	0	0	0	0	0	0	10	0	0	0	0	0	0	0	0	0	0	0	0	0	0	0	0
