#OTU ID	P1_A01_32TCONS2_S502_N701	P1_A03_38TCONS8_S503_N702	P1_B06_71SHCON2_S508_N703	P1_B08_17IZPOC2_S517_N704	P1_D05_13SHC4C1_S505_N703	P1_D06_74SHCON5_S517_N703	P1_D07_35TCONS5_S506_N704	P1_D08_34TCONS4_S502_N705	P1_E02_21MMC3_S517_N701	P1_F05_15SHC6C3_S506_N703	P1_F11_78SHCON9_S508_N706	P1_G02_20MMC2_S502_N702	P1_G03_33TCONS3_S506_N702	P1_H01_75SHCON6_S506_N701	P1_H06_36TCONS6_S503_N704	P1_H08_70SHCON1_S504_N705	P1_H09_37TCONS7_S508_N705	P2_A01_16IZPOC1_S502_N707	P2_A02_76SHCON7_S506_N707	P2_C01_18IZTAC3_S503_N707	P2_E01_31TCONS1_S504_N707	P2_E02_77SHCON8_S508_N707	P2_E03_72SHCON3_S505_N708	P2_G01_87ACONS9_S505_N707	P2_G02_14SHCN5C2_S517_N707	P3_A01_85ACON7_S507_N710	P3_A02_39TCONSER9_S503_N711	P3_A05_107ACON20_S507_N712	P3_A06_128ACON18_S503_N701	P3_A07_81ACON3_S507_N701	P3_C03_125ACON15_S508_N711	P3_C04_79ACON1_S504_N712	P3_C05_110ACON23_S508_N712	P3_C06_84ACON6_S504_N701	P3_E01_83ACON5_S517_N710	P3_E03_86ACON8_S517_N711	P3_E04_121ACON11_S505_N712	P3_E06_80ACON2_S505_N701	P3_G02_82ACON4_S506_N711	P3_G03_126ACON16_S502_N712	P3_G05_109ACON22_S502_N701	P3_G06_108ACON21_S506_N701	P3_G07_111ACON24_S502_N702	P3_G08_127ACON17_S506_N702	P3_H03G04_123ACON13_S506_N712	P4_C07_124ACON14_S504_N706	P4_C09_73SHCON4_S504_N707	P4_C10_106ACON19_S508_N707	P4_E03_122ACON12_S504_N704	P4_E06_120ACON10_S508_N705
Zotu100_P2_G01_87ACONS9_S505_N707	0	0	0	0	0	0	0	0	0	0	0	0	0	0	0	0	0	0	0	0	0	0	0	10	0	64	0	0	0	54	0	28	11	5	105	0	0	9	83	0	3	0	0	0	0	0	0	0	0	4
Zotu103_P2_C01_18IZTAC3_S503_N707	0	0	0	0	0	0	0	0	0	0	0	0	0	0	0	0	0	0	0	41	0	0	0	0	0	0	0	0	0	0	0	0	0	0	0	0	0	0	0	0	0	0	0	0	0	0	0	0	0	0
Zotu103_P3_A07_81ACON3_S507_N701	0	0	0	0	0	0	0	0	0	0	0	0	0	0	0	0	0	0	0	0	0	0	0	0	0	0	0	0	0	40	0	0	0	0	0	0	0	0	0	0	0	0	0	0	0	0	0	0	0	0
Zotu104_P1_B08_17IZPOC2_S517_N704	0	0	0	18	0	0	4	0	0	0	0	0	0	0	1	0	0	0	0	0	0	0	0	0	0	0	0	0	0	0	0	0	0	0	0	0	0	0	0	0	0	0	0	0	0	0	0	0	0	0
Zotu106_P1_A01_32TCONS2_S502_N701	22	0	0	0	0	0	0	0	0	0	0	0	0	0	0	0	0	0	0	0	11	0	0	0	0	0	0	0	0	0	0	0	0	0	0	0	0	0	0	0	0	0	0	0	0	0	0	0	0	0
Zotu107_P2_C01_18IZTAC3_S503_N707	0	0	0	0	0	0	0	0	0	0	0	0	0	0	0	0	0	0	0	40	0	0	0	0	0	0	0	0	0	0	0	0	0	0	0	0	0	0	0	0	0	0	0	0	0	0	0	0	0	0
Zotu107_P2_E01_31TCONS1_S504_N707	0	0	0	0	0	0	0	0	0	0	0	0	0	0	0	0	0	0	0	0	11	0	0	0	0	0	0	40	0	0	0	0	0	0	76	0	0	0	0	0	2	0	0	0	0	0	0	0	0	0
Zotu107_P3_E01_83ACON5_S517_N710	0	0	0	0	0	0	0	0	0	0	0	0	0	0	0	0	0	0	0	0	0	0	0	0	0	0	0	0	0	0	0	0	0	0	37	0	0	0	0	0	1	0	0	0	0	0	0	0	0	0
Zotu109_P1_E02_21MMC3_S517_N701	0	0	0	0	0	0	0	0	22	0	0	0	0	0	0	0	0	0	0	0	0	0	0	0	0	0	0	0	0	0	0	0	0	0	0	0	0	0	0	0	0	0	0	0	0	0	0	0	0	0
Zotu109_P3_G02_82ACON4_S506_N711	0	0	0	0	0	0	0	0	0	0	0	0	0	0	0	0	0	0	0	0	0	0	0	0	0	0	0	0	0	0	0	0	0	0	0	0	0	0	47	0	0	0	0	0	0	0	0	0	0	0
Zotu110_P1_A03_38TCONS8_S503_N702	0	14	0	0	0	0	0	0	0	0	0	0	0	0	0	0	0	0	0	0	0	0	0	0	0	0	0	0	0	0	0	0	0	0	0	0	0	0	0	0	0	0	0	0	0	0	0	0	0	0
Zotu110_P3_C06_84ACON6_S504_N701	0	0	0	0	0	0	0	0	0	0	0	0	0	0	0	0	0	0	0	0	0	0	0	0	0	0	0	0	0	0	0	0	0	27	0	0	0	0	0	0	0	0	0	0	0	0	0	0	0	0
Zotu110_P3_E01_83ACON5_S517_N710	0	0	0	0	0	0	0	0	0	0	0	0	0	0	0	0	0	0	0	0	0	0	0	0	0	0	0	0	0	0	0	0	0	0	36	0	0	0	0	0	2	0	0	0	0	0	0	0	0	0
Zotu113_P2_E01_31TCONS1_S504_N707	0	0	0	0	0	0	2	0	0	0	0	0	0	0	0	0	0	0	0	0	8	0	0	0	0	0	0	0	0	0	0	0	0	0	0	0	0	0	0	0	0	0	0	0	0	0	0	0	0	0
Zotu114_P1_G02_20MMC2_S502_N702	0	0	0	0	0	0	0	0	0	0	0	29	0	0	0	0	0	0	0	0	0	0	0	0	0	0	0	0	0	0	0	0	0	0	0	0	0	0	0	0	0	0	0	0	0	0	0	0	0	0
Zotu115_P3_A01_85ACON7_S507_N710	0	0	0	0	0	0	0	0	0	0	0	0	0	0	0	0	0	0	0	0	0	0	0	0	0	42	0	0	0	0	0	0	0	0	7	0	0	0	4	0	0	0	0	0	0	0	0	0	0	0
Zotu117_P2_G01_87ACONS9_S505_N707	0	0	0	0	0	0	0	0	0	0	0	0	0	0	0	0	0	0	0	0	0	0	0	6	0	0	0	0	0	0	0	0	0	0	0	0	0	0	0	0	0	0	0	0	0	0	0	0	0	0
Zotu117_P3_G02_82ACON4_S506_N711	0	0	0	0	0	0	0	0	0	0	0	0	0	0	0	0	0	0	0	0	0	0	0	0	0	0	2	0	0	0	0	0	0	0	0	0	0	0	37	0	0	0	0	0	0	0	0	0	0	0
Zotu118_P3_C04_79ACON1_S504_N712	0	0	0	0	0	0	0	0	0	0	0	0	0	0	0	0	0	0	0	0	0	0	0	0	0	0	0	0	0	0	0	29	0	0	0	0	0	0	0	0	0	0	0	0	0	0	0	0	0	0
Zotu11_P3_A01_85ACON7_S507_N710	0	0	0	0	0	0	0	0	0	0	0	0	0	0	0	0	0	0	0	0	0	0	0	0	0	651	0	0	0	0	0	0	0	0	0	0	0	0	0	0	0	0	0	0	0	0	0	0	0	0
Zotu120_P1_H08_70SHCON1_S504_N705	0	0	0	0	0	0	0	0	0	0	0	0	0	0	0	22	0	0	0	0	0	0	0	0	0	0	0	0	0	0	0	0	0	0	0	0	0	0	0	0	0	0	0	0	0	0	0	0	0	0
Zotu120_P3_E01_83ACON5_S517_N710	0	0	0	0	0	0	0	0	0	0	0	0	0	0	0	0	0	0	0	0	0	0	0	0	0	0	0	0	0	0	0	0	0	0	30	0	0	0	0	0	3	0	0	0	0	0	0	0	0	0
Zotu121_P1_B06_71SHCON2_S508_N703	0	0	35	0	0	0	0	0	0	0	0	0	0	0	0	0	0	0	0	0	0	0	0	0	0	0	0	0	0	0	0	0	2	0	0	0	0	0	0	0	0	0	0	0	0	0	0	0	0	0
Zotu121_P3_A01_85ACON7_S507_N710	0	0	0	0	0	0	0	0	0	0	0	0	0	0	0	0	0	0	0	0	0	0	0	0	0	38	0	0	0	0	0	0	0	0	0	0	0	0	0	0	0	0	0	0	0	0	0	0	0	0
Zotu121_P4_C10_106ACON19_S508_N707	0	0	0	0	0	0	0	0	0	0	0	0	0	0	0	0	0	0	0	0	0	0	0	0	0	0	0	0	0	0	0	0	0	0	0	0	0	0	0	0	0	0	0	0	0	0	0	38	0	0
Zotu121_P4_E06_120ACON10_S508_N705	0	0	0	0	0	0	0	0	0	0	0	0	0	0	0	0	0	0	0	0	0	0	0	0	0	0	0	0	0	0	0	0	0	0	0	0	0	0	0	0	0	0	0	0	2	0	0	0	0	23
Zotu124_P1_G03_33TCONS3_S506_N702	0	0	0	0	0	0	0	0	0	0	0	0	36	0	0	0	0	0	0	0	0	0	0	0	0	0	0	0	0	0	0	0	0	0	0	0	0	0	0	0	0	0	0	0	0	0	0	0	0	0
Zotu124_P3_A07_81ACON3_S507_N701	0	0	0	0	0	0	0	0	0	0	0	1	0	0	0	0	0	0	0	0	0	0	0	0	0	0	0	0	0	22	0	0	0	0	0	0	0	0	9	0	0	0	0	0	0	0	0	0	0	0
Zotu125_P2_E01_31TCONS1_S504_N707	0	0	0	0	0	0	0	0	0	0	0	0	0	0	0	0	0	0	0	0	5	0	0	0	0	0	0	0	0	0	0	0	0	0	0	0	0	0	0	0	0	0	0	0	0	0	0	0	0	0
Zotu125_P3_E04_121ACON11_S505_N712	0	0	0	0	0	0	0	0	0	0	0	0	0	0	0	0	0	0	0	0	0	0	0	0	0	0	0	0	1	0	0	0	0	0	0	0	18	0	0	4	0	0	1	0	0	0	0	0	0	0
Zotu126_P4_C10_106ACON19_S508_N707	0	0	0	0	0	0	0	0	0	0	0	0	0	0	0	0	0	0	0	0	0	0	0	0	0	0	0	0	0	0	0	0	0	0	0	0	0	0	0	0	0	0	0	0	0	0	0	33	0	0
Zotu127_P1_D07_35TCONS5_S506_N704	0	0	0	0	0	0	42	0	0	0	0	0	0	0	0	0	0	0	0	0	0	0	0	0	0	0	0	0	0	0	0	0	0	0	0	0	0	0	0	0	0	0	0	0	0	0	0	0	0	0
Zotu129_P1_B06_71SHCON2_S508_N703	0	0	29	0	0	0	89	0	0	0	0	0	0	0	0	0	0	0	0	0	0	0	0	0	0	0	0	0	0	1	0	1	0	0	0	0	0	0	0	62	0	0	0	0	0	0	0	0	0	0
Zotu129_P2_C01_18IZTAC3_S503_N707	0	0	0	0	0	0	0	0	0	0	0	0	0	0	0	0	0	0	0	31	0	0	0	0	0	0	0	0	0	0	0	0	0	0	0	0	0	0	0	0	0	0	0	0	0	0	0	0	0	0
Zotu12_P1_B08_17IZPOC2_S517_N704	0	0	0	311	0	0	0	0	0	23	0	0	0	0	0	0	0	75	0	0	0	0	0	0	104	0	0	0	0	0	0	0	0	0	0	0	0	0	0	0	0	0	0	0	0	0	0	0	0	0
Zotu12_P3_A01_85ACON7_S507_N710	0	0	0	0	0	0	0	0	0	0	0	0	0	0	0	0	0	0	0	0	0	0	0	0	0	630	0	0	0	0	0	0	0	0	0	2	0	0	0	0	0	0	0	0	0	0	0	0	0	0
Zotu130_P1_A03_38TCONS8_S503_N702	0	9	0	0	0	0	0	0	0	0	0	0	0	0	0	25	0	0	0	0	1	0	0	0	0	0	0	0	0	0	0	0	0	0	0	0	0	0	0	0	0	0	0	0	0	0	0	0	0	0
Zotu131_P2_E02_77SHCON8_S508_N707	0	0	0	0	0	0	0	0	0	0	0	0	0	3	0	0	0	0	0	0	0	16	6	0	0	0	0	0	0	0	0	0	0	0	0	0	0	0	0	0	0	0	0	0	0	0	0	0	0	0
Zotu133_P3_G05_109ACON22_S502_N701	0	0	0	0	0	0	0	0	0	0	0	0	0	0	0	0	0	0	0	0	0	0	0	0	0	0	0	0	0	0	0	0	0	0	0	0	0	0	0	0	20	0	0	0	0	0	0	0	0	0
Zotu134_P3_A07_81ACON3_S507_N701	0	0	0	0	0	0	0	0	0	0	0	0	0	0	0	0	0	0	0	0	0	0	0	0	0	0	0	0	0	19	0	0	0	0	0	0	0	0	0	0	0	0	0	0	0	0	0	0	0	0
Zotu135_P3_E01_83ACON5_S517_N710	0	0	0	0	0	0	0	0	0	0	0	0	0	0	0	0	0	0	0	0	0	0	0	0	0	0	0	0	0	0	0	0	0	0	24	0	0	0	0	0	1	0	0	0	0	0	0	0	0	0
Zotu136_P3_G02_82ACON4_S506_N711	0	0	0	0	0	0	0	0	0	0	0	0	0	0	0	0	0	0	0	0	0	0	0	0	0	0	0	0	0	0	0	0	0	0	0	0	0	0	27	21	0	0	0	0	60	0	0	0	0	0
Zotu137_P1_H08_70SHCON1_S504_N705	0	0	0	0	0	0	0	0	0	0	0	0	0	0	0	15	0	0	0	0	0	0	0	1	0	0	0	0	2	0	0	0	0	0	0	0	0	0	1	0	0	0	0	0	0	0	0	0	0	0
Zotu137_P3_G02_82ACON4_S506_N711	0	0	0	0	0	0	0	0	0	0	0	0	0	0	0	0	0	0	0	0	0	0	0	0	0	0	0	0	0	0	0	0	0	0	0	0	0	0	27	0	0	0	0	0	0	0	0	0	0	0
Zotu138_P1_B08_17IZPOC2_S517_N704	0	0	0	11	0	0	0	0	0	0	0	0	0	0	0	0	0	0	0	0	0	0	0	0	0	0	0	0	0	0	0	0	0	0	0	0	0	0	0	0	0	0	0	0	0	0	0	0	0	0
Zotu13_P3_A07_81ACON3_S507_N701	0	0	0	0	0	0	0	0	0	0	0	0	0	0	0	0	0	0	0	0	0	0	0	0	0	0	0	0	0	631	0	0	0	0	0	0	0	0	0	0	0	0	0	0	0	0	0	0	0	0
Zotu141_P1_H06_36TCONS6_S503_N704	0	0	0	0	0	0	0	0	0	0	0	0	0	0	11	0	0	0	0	0	0	5	0	3296	0	0	0	0	0	0	0	0	0	0	0	0	0	0	0	610	0	0	0	0	0	0	0	0	0	0
Zotu143_P2_G01_87ACONS9_S505_N707	0	0	0	0	0	0	0	0	0	0	0	0	0	0	0	0	0	0	0	0	0	0	0	4	0	0	0	0	0	0	0	0	0	0	0	0	0	0	0	0	0	0	0	0	0	0	0	0	0	0
Zotu145_P1_E02_21MMC3_S517_N701	1	0	0	0	0	3	1	0	11	0	0	22	0	1	0	2	0	0	0	0	0	2	0	1	0	0	1	1	0	2	0	0	0	0	0	0	0	0	0	0	0	0	0	0	0	0	0	1	0	0
Zotu145_P2_E03_72SHCON3_S505_N708	0	0	0	0	0	0	3	0	0	0	0	0	0	0	0	0	0	0	0	0	0	0	13	0	0	0	24	0	0	0	0	0	0	0	0	0	0	0	0	0	0	0	0	0	0	0	0	0	0	0
Zotu146_P3_A01_85ACON7_S507_N710	0	0	0	0	0	0	0	0	0	0	0	0	0	0	0	0	0	0	0	0	0	0	0	0	0	26	0	0	0	5	0	46	0	1	29	41	0	21	21	0	1	0	0	0	0	0	0	0	0	0
Zotu146_P4_E06_120ACON10_S508_N705	0	0	0	0	0	0	0	0	0	0	0	0	0	0	0	0	0	0	0	0	0	0	0	0	0	0	1	0	0	0	0	0	0	0	0	0	0	0	0	0	0	0	0	0	0	0	0	0	0	12
Zotu147_P1_D08_34TCONS4_S502_N705	0	0	0	0	0	0	0	8	0	0	0	0	0	0	0	0	0	0	0	0	0	0	0	0	0	0	0	0	0	0	0	0	0	0	0	0	0	0	0	0	0	0	0	0	0	0	0	0	0	0
Zotu148_P2_G02_14SHCN5C2_S517_N707	0	0	0	0	0	0	0	1	0	0	0	0	0	0	0	0	0	0	0	0	0	0	0	0	21	0	0	0	0	0	0	0	0	0	0	0	0	0	0	0	0	0	0	0	0	0	0	0	0	0
Zotu150_P1_D05_13SHC4C1_S505_N703	0	0	0	0	23	0	0	0	0	0	0	0	0	0	0	0	0	0	0	0	0	0	0	0	0	0	0	0	0	0	0	0	0	0	0	0	0	0	0	0	0	0	0	0	0	0	0	0	0	0
Zotu151_P1_H06_36TCONS6_S503_N704	0	0	0	0	0	0	0	0	0	0	0	0	0	0	8	0	3	0	0	0	0	12	26	0	0	0	0	0	0	0	0	0	0	0	0	0	0	0	0	0	0	0	0	0	0	0	0	0	0	0
Zotu152_P1_F11_78SHCON9_S508_N706	0	0	0	0	0	0	0	0	0	0	9	0	0	0	0	0	0	0	0	0	0	2	0	0	0	0	0	0	0	0	0	0	0	0	0	0	0	0	0	0	0	0	0	0	0	0	0	0	0	0
Zotu153_P1_D05_13SHC4C1_S505_N703	0	0	0	0	22	0	0	0	0	30	0	0	0	0	0	0	0	0	0	0	0	0	0	0	749	0	0	0	0	0	0	0	0	0	0	0	0	0	0	0	0	0	0	0	0	0	0	0	0	0
Zotu154_P3_A02_39TCONSER9_S503_N711	0	0	0	0	0	0	0	0	0	0	0	0	0	0	0	0	0	0	0	0	0	0	0	0	0	0	38	0	0	0	0	0	0	0	0	0	0	0	0	0	0	0	0	0	0	0	0	0	0	0
Zotu154_P3_E04_121ACON11_S505_N712	0	0	0	0	0	0	0	0	0	0	0	0	0	0	0	0	0	0	0	0	0	0	0	0	0	0	0	0	3	0	0	0	0	0	0	0	7	0	0	0	0	0	0	0	2	8	0	0	0	0
Zotu157_P1_H06_36TCONS6_S503_N704	0	0	0	0	0	0	0	0	0	0	0	0	0	0	6	0	0	0	0	0	0	0	0	0	0	0	0	0	0	0	0	0	0	0	0	0	0	0	0	0	0	0	0	0	0	0	0	0	0	0
Zotu157_P3_A02_39TCONSER9_S503_N711	0	0	0	0	0	0	0	0	0	0	0	0	0	0	0	0	0	0	0	0	0	0	0	0	0	0	35	0	0	0	0	0	0	0	0	0	0	0	0	0	0	0	0	0	0	0	0	0	0	0
Zotu158_P1_A01_32TCONS2_S502_N701	6	0	0	0	0	0	0	0	0	0	0	0	0	0	0	0	0	0	0	0	0	0	0	0	0	0	0	0	0	0	0	0	0	0	0	0	0	0	0	0	0	0	0	0	0	0	0	0	0	0
Zotu160_P3_C06_84ACON6_S504_N701	0	0	0	0	0	0	0	0	0	0	0	0	0	0	0	0	0	0	0	0	0	0	0	0	0	2	0	0	0	0	0	0	0	13	6	2	0	0	0	0	0	0	0	0	0	0	0	0	0	0
Zotu165_P4_E06_120ACON10_S508_N705	0	0	0	0	0	0	0	0	0	0	0	0	0	0	0	0	0	0	0	0	0	0	0	0	0	0	0	0	0	0	0	0	0	0	0	0	0	0	0	0	0	0	0	0	0	0	0	0	0	6
Zotu166_P3_A07_81ACON3_S507_N701	0	0	0	0	0	0	0	0	0	0	0	0	0	0	0	0	0	0	0	0	0	0	0	0	0	0	0	0	0	11	0	0	0	0	0	0	0	0	0	0	0	0	0	0	0	0	0	0	0	0
Zotu167_P1_B06_71SHCON2_S508_N703	0	0	15	0	0	0	0	0	0	0	0	0	0	0	0	0	0	0	0	0	0	0	0	0	0	0	0	0	0	0	0	0	0	0	0	0	0	0	0	0	0	0	0	0	0	0	0	0	0	0
Zotu167_P1_D08_34TCONS4_S502_N705	0	0	0	0	0	0	0	5	0	0	0	0	0	0	0	0	0	0	0	0	0	0	0	0	0	0	0	0	0	0	0	0	0	0	0	0	0	0	0	0	0	0	0	0	0	0	0	0	0	0
Zotu169_P1_B06_71SHCON2_S508_N703	0	0	14	0	0	0	0	0	0	0	0	0	0	24	0	0	0	0	383	0	0	0	0	0	0	0	0	0	0	0	0	0	0	0	0	0	0	0	0	0	0	0	0	0	0	0	0	0	0	0
Zotu170_P1_D05_13SHC4C1_S505_N703	0	0	0	0	16	10	1	0	5	10	1	30	2	14	0	6	0	0	53	0	0	4	0	0	29	3	0	1	0	1	0	7	0	4	4	19	0	0	2	1	0	0	0	0	2	0	0	0	0	9
Zotu171_P2_E03_72SHCON3_S505_N708	0	0	0	0	0	0	0	0	0	0	0	0	0	0	0	0	0	0	0	0	0	0	8	0	0	0	0	0	0	0	0	0	0	0	0	0	0	0	0	0	0	0	0	0	0	0	0	0	0	0
Zotu171_P3_G02_82ACON4_S506_N711	0	0	0	0	0	0	0	0	0	0	0	0	0	0	0	0	0	0	0	0	0	0	0	0	0	0	0	0	0	0	0	0	0	0	0	0	0	0	17	0	0	0	0	0	0	0	0	0	0	0
Zotu172_P1_A03_38TCONS8_S503_N702	0	4	0	0	0	0	0	0	0	0	0	0	0	0	0	0	0	0	0	0	0	0	0	0	0	0	0	0	0	0	0	0	0	0	0	0	0	0	0	0	0	0	0	0	0	0	0	0	0	0
Zotu173_P3_A01_85ACON7_S507_N710	0	0	0	0	0	0	0	0	0	0	0	0	0	0	0	0	0	0	0	0	0	0	0	0	0	18	0	0	0	16	0	63	0	0	42	0	0	92	12	38	2	0	0	0	0	0	0	0	0	59
Zotu176_P1_G03_33TCONS3_S506_N702	0	3	0	0	0	0	0	0	0	0	0	0	13	0	0	0	0	0	0	0	1	0	0	0	0	0	0	0	0	0	0	0	0	0	0	0	0	0	0	0	0	0	0	0	0	0	0	0	0	0
Zotu176_P3_C06_84ACON6_S504_N701	0	0	0	0	0	0	0	0	0	0	0	0	0	0	0	0	0	0	0	0	0	0	0	0	0	0	0	0	0	0	0	0	0	10	7	1	0	0	1	0	1	0	0	0	0	0	0	0	0	0
Zotu176_P3_E04_121ACON11_S505_N712	0	0	0	0	0	0	0	0	0	0	0	0	0	0	0	0	0	0	0	0	0	0	0	0	0	0	0	0	0	0	0	0	0	0	0	0	4	0	0	0	0	0	0	0	0	0	0	0	0	0
Zotu179_P3_E04_121ACON11_S505_N712	0	0	0	0	0	0	0	0	0	0	0	0	0	0	0	0	0	0	0	0	0	0	0	0	0	0	0	0	0	0	0	0	0	0	0	0	4	0	0	0	0	0	0	0	0	0	0	0	0	0
Zotu17_P3_G08_127ACON17_S506_N702	0	0	0	0	0	0	0	0	0	0	0	0	0	0	0	0	0	0	0	0	0	0	0	0	0	0	0	0	0	0	0	0	0	0	0	0	0	0	0	0	0	0	0	594	0	0	0	0	0	0
Zotu180_P1_A03_38TCONS8_S503_N702	0	4	0	0	0	0	0	0	0	0	0	0	0	0	0	0	0	0	0	0	0	0	0	0	0	0	0	0	0	0	0	0	0	0	0	0	0	0	0	0	0	0	0	0	0	0	0	0	0	0
Zotu181_P1_B06_71SHCON2_S508_N703	0	0	10	0	0	0	0	0	0	0	0	0	0	0	0	0	0	0	0	0	0	0	0	0	0	0	0	0	0	0	0	0	0	0	0	0	0	0	0	0	0	0	0	0	0	0	0	0	0	0
Zotu182_P3_E04_121ACON11_S505_N712	0	0	0	0	0	0	0	0	0	0	0	0	0	0	0	0	0	0	0	0	0	0	0	0	0	0	0	0	0	0	0	0	0	0	0	0	4	0	0	0	0	0	0	0	0	0	0	0	0	0
Zotu183_P3_A07_81ACON3_S507_N701	0	0	0	0	0	0	0	0	0	0	0	0	0	0	0	0	0	0	0	0	0	0	0	0	0	0	0	0	0	8	0	0	0	0	0	0	0	10	0	6	83	0	5	0	0	0	0	30	0	0
Zotu183_P3_G05_109ACON22_S502_N701	0	0	0	0	0	0	0	0	0	0	0	0	0	0	0	0	0	0	0	0	0	0	0	0	0	0	0	2	0	0	0	0	0	0	0	0	0	0	0	0	8	57	0	0	0	0	0	0	0	0
Zotu185_P1_D07_35TCONS5_S506_N704	0	1	0	0	0	0	12	0	0	0	14	0	0	0	2	56	0	0	0	0	0	7	1	0	0	0	0	0	0	0	0	0	0	0	2	0	0	0	2	0	0	0	0	0	0	0	0	0	0	0
Zotu189_P1_B06_71SHCON2_S508_N703	0	0	9	0	1	0	0	0	0	1	5	0	3	0	0	0	0	0	0	0	0	0	0	0	0	166	0	0	120	46	12	0	0	20	38	25	0	78	51	31	4	0	15	0	11	0	0	54	0	0
Zotu189_P2_G02_14SHCN5C2_S517_N707	0	0	0	0	0	0	0	0	0	0	0	0	0	0	0	0	0	0	0	0	0	0	0	0	11	0	0	0	0	0	0	0	0	0	0	0	0	0	0	0	0	0	0	0	0	0	0	0	0	0
Zotu189_P3_C06_84ACON6_S504_N701	0	0	0	0	0	0	0	0	0	0	0	0	0	0	0	0	0	0	0	0	0	0	0	0	0	3	0	0	0	0	0	0	0	9	6	4	0	1	0	0	0	0	0	0	0	0	0	0	0	0
Zotu18_P1_D08_34TCONS4_S502_N705	0	0	0	0	0	0	0	849	4	0	0	0	0	0	0	5	0	1	0	0	0	0	0	0	0	0	0	0	0	0	0	0	0	0	0	0	0	0	0	0	0	0	0	0	0	0	0	0	0	0
Zotu190_P1_E02_21MMC3_S517_N701	0	0	0	0	0	0	0	0	6	0	0	0	0	0	0	0	0	0	0	0	0	0	0	0	0	0	0	0	0	0	0	0	0	0	0	0	0	0	0	0	0	0	0	0	0	0	0	0	0	0
Zotu190_P1_H01_75SHCON6_S506_N701	0	0	0	0	0	0	0	0	0	0	0	0	0	6	0	0	0	0	0	0	0	0	3	0	0	0	0	0	0	0	0	0	0	0	0	0	0	0	0	0	0	0	0	0	0	0	0	23	0	0
Zotu191_P1_B06_71SHCON2_S508_N703	0	0	8	0	92	0	142	0	17	118	0	61	135	0	0	0	179	0	11	0	329	0	0	0	116	22	0	0	0	0	0	0	0	0	0	0	0	0	0	0	0	0	0	0	0	0	0	0	0	0
Zotu191_P1_G03_33TCONS3_S506_N702	0	0	0	0	0	0	0	0	0	0	0	0	10	0	0	0	0	0	0	0	0	0	0	0	0	0	0	0	0	0	0	0	0	0	0	0	0	0	0	0	0	0	0	0	0	0	0	0	0	0
Zotu191_P3_G02_82ACON4_S506_N711	0	0	0	0	0	0	0	0	0	0	0	0	0	0	0	0	0	0	0	0	0	0	0	0	0	0	0	0	0	0	0	0	0	0	0	0	0	0	12	0	0	0	0	0	0	0	0	0	0	0
Zotu193_P1_G02_20MMC2_S502_N702	0	0	0	0	0	0	0	0	0	0	0	6	0	0	0	0	0	0	0	0	0	0	0	0	0	0	0	0	0	0	0	0	0	0	0	0	0	0	0	0	0	0	0	0	0	0	0	0	0	0
Zotu199_P3_A07_81ACON3_S507_N701	0	0	0	0	0	0	0	0	0	0	0	2	0	0	0	0	0	0	0	3	0	0	0	3	0	2	0	0	0	6	0	4	0	4	5	2	0	1	7	0	0	0	0	1	1	0	0	0	0	27
Zotu19_P3_A01_85ACON7_S507_N710	0	0	0	0	0	0	0	0	0	0	0	0	0	0	0	0	0	0	0	0	0	0	0	0	0	396	0	0	0	0	0	0	0	0	0	0	0	0	0	0	0	0	0	0	0	0	0	0	0	0
Zotu200_P1_B06_71SHCON2_S508_N703	0	0	7	0	0	0	0	0	0	0	0	0	0	0	0	0	0	0	0	0	0	0	0	0	0	0	0	0	0	0	0	0	0	0	0	0	0	0	0	0	0	0	0	0	0	0	0	0	0	0
Zotu200_P3_A01_85ACON7_S507_N710	0	0	0	0	0	0	0	0	0	0	0	0	0	0	0	0	0	0	0	0	0	0	0	0	0	11	0	0	0	0	0	0	0	0	0	0	0	0	0	0	0	0	0	0	0	0	0	0	0	0
Zotu201_P3_A02_39TCONSER9_S503_N711	0	0	0	0	0	0	0	0	0	0	0	0	0	0	0	0	0	0	0	0	0	0	0	0	0	0	17	0	0	0	0	0	0	0	0	0	0	0	0	0	0	0	0	0	0	0	0	0	0	0
Zotu202_P3_A02_39TCONSER9_S503_N711	0	0	0	0	0	0	0	0	0	0	0	0	0	0	0	0	0	0	0	0	0	0	0	0	0	0	15	0	0	0	0	14	0	0	39	0	0	0	0	0	3	0	0	0	0	0	0	0	0	0
Zotu204_P1_B08_17IZPOC2_S517_N704	0	0	0	6	0	0	0	0	0	0	0	0	0	0	0	0	0	0	0	0	0	0	0	0	0	0	0	0	0	0	0	0	0	0	0	0	0	0	0	0	0	0	0	0	0	0	0	0	0	0
Zotu204_P1_D07_35TCONS5_S506_N704	0	0	0	0	0	0	9	0	0	0	0	0	0	0	0	0	0	0	0	0	0	0	0	0	0	0	0	0	0	0	0	0	0	0	0	0	0	0	0	0	0	0	0	0	0	0	0	0	0	0
Zotu204_P1_H01_75SHCON6_S506_N701	0	0	0	0	0	0	0	0	0	0	0	0	0	5	0	0	0	0	0	0	0	0	18	0	0	207	0	0	0	7	0	10	0	88	304	128	0	15	52	0	23	0	0	0	0	0	0	0	0	0
Zotu204_P3_A02_39TCONSER9_S503_N711	0	0	0	0	0	0	0	0	0	0	0	0	0	0	1	0	0	0	0	0	0	0	0	0	0	0	15	0	0	0	0	0	0	0	0	0	0	0	0	0	0	0	0	0	0	0	0	0	0	0
Zotu205_P1_B06_71SHCON2_S508_N703	0	0	6	0	0	0	0	0	0	0	0	0	0	0	0	0	0	0	0	0	0	0	0	0	0	0	0	0	0	0	0	0	0	0	0	0	0	0	0	0	0	0	0	0	0	0	0	0	0	0
Zotu206_P1_D07_35TCONS5_S506_N704	0	0	0	0	0	0	9	9	0	0	0	0	0	0	0	0	27	0	0	0	0	30	0	0	0	0	63	0	0	0	0	0	0	0	0	0	0	0	0	0	0	0	0	0	0	0	4	0	0	0
Zotu206_P3_A02_39TCONSER9_S503_N711	0	0	1	0	0	0	0	0	0	0	0	0	0	0	0	0	0	0	0	0	0	0	0	0	0	0	14	0	0	0	0	0	0	0	0	0	0	0	0	0	0	0	0	0	0	0	0	0	0	0
Zotu207_P1_B08_17IZPOC2_S517_N704	0	0	0	6	0	0	0	0	0	0	0	0	0	0	0	0	0	5	0	13	0	0	0	0	0	0	0	0	0	0	0	0	0	0	0	0	0	0	0	0	0	0	0	0	0	0	0	0	0	0
Zotu207_P1_D05_13SHC4C1_S505_N703	0	0	0	0	8	0	0	0	0	0	0	0	0	0	0	0	0	0	0	0	0	0	0	0	0	0	0	0	0	0	0	0	0	0	0	0	0	0	0	0	0	0	0	0	0	0	0	0	0	0
Zotu207_P3_A01_85ACON7_S507_N710	0	0	0	0	0	0	0	0	0	0	0	0	0	0	0	0	0	0	0	0	0	0	0	0	0	10	0	0	0	0	0	0	0	13	17	3	0	1	0	0	2	0	0	0	0	0	0	0	0	0
Zotu208_P1_G03_33TCONS3_S506_N702	0	0	0	0	0	0	0	0	0	0	0	0	7	0	0	0	0	0	0	0	0	0	0	0	0	0	0	0	0	0	0	0	0	0	0	0	0	0	0	0	0	0	0	0	0	0	0	0	0	0
Zotu208_P2_E02_77SHCON8_S508_N707	0	0	0	0	0	0	0	0	0	0	0	0	0	0	0	0	0	0	0	0	0	4	0	0	0	0	9	0	0	0	0	0	0	0	0	0	0	0	0	0	0	0	0	0	0	0	0	0	0	0
Zotu208_P3_C06_84ACON6_S504_N701	0	0	0	0	0	0	0	0	0	0	0	0	0	0	0	0	0	0	0	0	0	0	0	0	0	1	0	0	0	0	0	1	0	7	4	1	0	0	1	0	0	0	0	0	0	0	0	0	0	0
Zotu209_P1_B08_17IZPOC2_S517_N704	0	0	0	6	0	0	0	0	0	0	0	0	0	0	0	0	0	0	0	0	0	0	0	0	0	0	0	0	0	0	0	0	0	0	0	0	0	0	0	0	0	0	0	0	0	0	0	0	0	0
Zotu210_P1_H08_70SHCON1_S504_N705	0	0	0	0	0	0	0	0	0	0	0	0	0	0	0	4	0	0	0	0	0	0	0	0	0	0	0	0	0	0	0	0	0	0	0	0	0	0	0	0	0	0	0	0	0	0	0	0	0	0
Zotu211_P3_C06_84ACON6_S504_N701	0	0	0	0	0	0	0	0	0	0	0	0	0	0	0	0	0	0	0	0	0	0	0	0	0	0	0	0	0	0	0	0	0	7	0	0	0	0	0	0	0	0	0	0	0	0	0	0	0	0
Zotu212_P3_C06_84ACON6_S504_N701	0	0	0	0	0	0	0	0	0	0	0	0	0	0	0	0	0	0	0	0	0	0	0	0	0	2	0	0	0	0	0	0	0	7	12	3	0	0	1	0	0	0	0	0	0	0	0	0	1	0
Zotu214_P1_G02_20MMC2_S502_N702	0	0	0	0	0	0	0	0	0	0	0	4	0	0	0	0	0	1	0	4	0	0	0	0	0	0	0	0	0	0	0	0	0	0	0	0	0	0	0	1	0	1	0	0	0	0	0	0	0	0
Zotu214_P3_C06_84ACON6_S504_N701	0	0	0	0	0	0	0	0	0	0	0	0	0	0	0	0	0	0	0	0	0	0	0	0	0	2	0	0	0	0	0	0	0	7	12	6	0	0	2	0	1	0	0	0	0	0	0	0	0	0
Zotu215_P1_D05_13SHC4C1_S505_N703	0	0	0	0	7	3	0	0	0	0	0	0	0	0	0	0	0	0	0	0	0	0	0	0	4	0	0	0	0	0	0	0	1	0	0	0	0	0	0	0	0	0	0	0	0	0	1	0	0	0
Zotu215_P3_A01_85ACON7_S507_N710	0	0	0	0	0	0	0	0	0	0	0	0	0	0	0	0	0	0	0	0	0	0	0	0	0	9	0	0	0	0	0	0	0	3	12	0	0	0	5	0	0	0	0	0	0	0	0	0	0	0
Zotu215_P3_C05_110ACON23_S508_N712	0	0	0	0	0	0	0	0	0	0	0	0	0	0	0	0	0	0	0	0	0	0	0	0	0	0	0	0	0	0	0	0	11	0	0	0	0	0	0	0	0	0	0	0	0	0	0	0	0	0
Zotu216_P3_C06_84ACON6_S504_N701	0	0	0	0	0	0	0	0	0	0	0	0	0	0	0	0	0	0	0	0	0	0	0	0	0	1	0	0	0	1	0	0	0	7	5	2	0	0	2	0	0	0	0	0	0	0	0	0	0	0
Zotu217_P3_A01_85ACON7_S507_N710	0	0	0	0	0	0	0	0	0	0	0	0	0	0	0	0	0	0	0	0	0	0	0	0	0	9	0	0	0	0	0	2	0	12	4	5	0	0	3	0	0	0	0	0	0	0	0	0	0	0
Zotu218_P3_A02_39TCONSER9_S503_N711	0	0	0	0	0	0	0	0	0	0	0	0	0	0	0	0	0	0	0	0	0	0	0	0	0	0	13	0	0	0	0	0	0	0	0	0	0	0	0	0	0	0	0	0	0	0	0	0	0	0
Zotu219_P3_C05_110ACON23_S508_N712	0	0	0	0	0	0	0	0	0	0	0	0	0	0	0	0	0	0	0	0	0	0	0	0	0	0	0	0	0	0	0	0	10	0	0	0	0	0	0	0	0	0	44	0	0	0	20	0	0	0
Zotu21_P3_E03_86ACON8_S517_N711	0	0	0	0	0	0	0	0	0	0	0	0	0	0	0	0	0	0	0	0	0	0	0	0	0	0	0	0	0	0	0	0	0	0	0	418	0	0	0	0	0	0	0	0	0	0	0	0	0	0
Zotu224_P3_A01_85ACON7_S507_N710	0	0	0	0	0	0	0	0	0	0	0	0	0	0	0	0	0	0	0	0	0	0	0	0	0	8	0	0	0	0	0	0	0	4	3	0	0	0	0	0	0	0	0	0	0	0	0	0	0	0
Zotu228_P3_A01_85ACON7_S507_N710	0	0	0	0	0	0	0	0	0	0	0	0	0	0	0	0	0	0	0	0	0	0	0	0	0	8	0	0	0	0	0	0	0	10	6	4	0	0	5	0	0	0	0	0	0	0	0	0	0	0
Zotu228_P3_A05_107ACON20_S507_N712	0	0	0	0	0	0	0	0	0	0	0	0	0	0	0	0	0	0	0	0	0	0	0	0	0	0	0	11	0	0	0	0	0	0	0	0	0	0	0	0	0	0	0	0	0	0	0	0	0	0
Zotu232_P3_C06_84ACON6_S504_N701	0	0	1	0	0	0	0	0	0	0	0	0	0	0	0	0	0	0	0	0	0	0	0	0	0	0	0	0	0	0	0	0	0	5	0	0	0	0	0	0	0	0	0	0	0	0	0	0	0	0
Zotu233_P3_C06_84ACON6_S504_N701	0	0	0	0	0	0	0	0	0	0	0	0	0	0	0	0	0	0	0	0	0	0	0	0	0	2	0	0	0	0	0	0	0	5	5	0	0	0	1	0	0	0	0	0	0	0	0	0	0	0
Zotu234_P3_G03_126ACON16_S502_N712	0	0	0	0	0	0	0	0	0	0	0	0	0	0	0	0	0	0	0	0	0	0	0	0	0	0	0	0	0	0	0	0	0	0	0	0	0	0	0	6	0	0	0	0	0	0	0	0	0	0
Zotu236_P3_A07_81ACON3_S507_N701	0	0	0	0	0	0	0	0	0	0	0	0	0	0	0	0	0	0	0	0	0	0	0	0	0	0	0	0	0	4	0	0	0	0	0	0	0	0	0	0	0	0	0	0	0	0	0	0	0	0
Zotu237_P1_B08_17IZPOC2_S517_N704	0	0	0	4	0	0	0	0	0	0	0	0	0	0	0	0	0	0	0	0	0	0	0	0	0	0	0	0	0	0	0	0	0	0	0	0	0	0	0	0	0	0	0	0	0	0	0	0	0	0
Zotu237_P3_C06_84ACON6_S504_N701	0	0	0	0	0	0	0	0	0	0	0	0	0	0	0	0	0	0	0	0	0	0	0	0	0	3	0	0	0	2	0	0	0	5	11	1	0	0	2	0	0	0	0	0	0	0	0	0	0	0
Zotu237_P3_E01_83ACON5_S517_N710	0	0	0	0	0	0	0	0	0	0	0	0	0	0	0	0	0	0	0	0	0	0	0	0	0	0	0	0	0	0	0	2	0	0	6	0	0	1	1	0	0	0	0	0	0	0	0	0	0	0
Zotu238_P3_C06_84ACON6_S504_N701	0	0	0	0	0	0	0	0	0	0	0	0	0	0	0	0	0	0	0	0	0	0	0	0	0	3	0	0	0	0	0	0	0	5	6	1	0	2	1	0	0	0	0	0	0	0	0	0	0	0
Zotu239_P3_A01_85ACON7_S507_N710	0	0	0	0	0	0	0	0	0	0	0	0	0	0	0	0	0	0	0	0	0	0	0	0	0	6	0	0	0	0	0	0	0	12	14	7	0	3	1	0	0	0	0	0	0	0	0	0	0	0
Zotu23_P3_A01_85ACON7_S507_N710	0	0	0	0	0	0	0	0	0	0	0	0	0	0	0	0	0	0	0	0	0	0	0	0	0	327	0	0	0	0	0	0	0	0	0	0	0	0	0	0	0	0	0	0	0	0	0	0	0	0
Zotu241_P1_D05_13SHC4C1_S505_N703	0	0	0	3	4	0	0	0	0	8	0	0	0	0	0	0	0	0	0	9	0	0	0	0	11	0	0	0	0	0	0	0	0	0	0	0	0	0	0	0	0	0	0	0	0	0	0	0	0	0
Zotu241_P2_C01_18IZTAC3_S503_N707	0	0	0	0	0	0	0	0	0	0	0	0	0	0	0	0	0	0	0	6	0	0	0	0	0	0	0	0	0	0	0	0	0	0	0	0	0	0	0	0	0	0	0	0	0	0	0	0	0	0
Zotu244_P2_A01_16IZPOC1_S502_N707	0	0	0	0	1	0	0	0	1	0	0	0	1	0	0	0	0	4	0	0	0	0	0	0	0	2	0	0	0	2	0	6	0	5	1	5	0	3	2	1	0	2	0	0	6	0	0	0	0	9
Zotu245_P3_A01_85ACON7_S507_N710	0	0	0	0	0	0	0	0	0	0	0	0	0	0	0	0	0	0	0	0	0	0	0	0	0	6	0	0	0	0	0	0	0	0	0	0	0	0	0	0	0	0	0	0	0	0	0	0	0	0
Zotu246_P3_A01_85ACON7_S507_N710	0	0	0	0	0	0	0	0	0	0	0	0	0	0	0	0	0	0	0	0	0	0	0	0	0	6	0	0	0	0	0	0	0	0	0	0	0	0	0	0	0	0	0	0	0	0	0	0	0	0
Zotu248_P3_E03_86ACON8_S517_N711	0	0	0	0	0	0	0	0	0	0	0	0	0	0	0	0	0	0	0	0	0	0	0	0	0	1	0	0	0	0	0	0	0	0	0	5	0	0	0	0	0	0	0	0	0	0	0	0	0	0
Zotu250_P3_E01_83ACON5_S517_N710	0	0	0	0	0	0	0	0	0	0	0	0	0	0	0	0	0	0	0	0	0	0	0	0	0	1	0	0	0	1	0	3	0	2	6	0	0	2	1	0	0	0	0	0	0	0	0	0	0	0
Zotu251_P3_C06_84ACON6_S504_N701	0	0	0	0	0	0	0	0	0	0	0	0	0	0	0	0	0	0	0	0	0	0	0	0	0	2	0	0	0	0	0	0	0	4	2	0	0	1	0	0	0	0	0	0	0	0	0	0	0	0
Zotu251_P3_G02_82ACON4_S506_N711	0	0	0	0	0	0	0	0	0	0	0	0	0	0	0	0	0	0	0	0	0	0	0	0	0	0	0	0	0	0	0	0	0	0	0	0	0	0	6	0	0	0	0	0	0	0	0	0	0	0
Zotu252_P3_G02_82ACON4_S506_N711	0	0	0	0	0	0	0	0	0	0	0	0	0	0	0	0	0	0	0	0	0	0	0	0	0	0	0	0	0	0	0	0	0	0	0	0	0	0	6	0	0	0	0	0	0	0	0	0	0	0
Zotu257_P3_A01_85ACON7_S507_N710	0	0	0	0	0	0	0	0	0	0	0	0	0	0	0	0	0	0	0	0	0	0	0	0	0	5	0	0	0	0	0	0	0	1	1	0	0	1	35	0	0	0	0	0	0	0	0	0	0	0
Zotu257_P3_A02_39TCONSER9_S503_N711	0	0	0	0	0	0	0	0	0	0	0	0	0	2	0	0	3	0	0	0	0	0	2	0	0	0	6	0	0	0	0	0	0	0	0	0	0	0	0	0	0	0	0	0	0	0	0	0	0	0
Zotu257_P3_G07_111ACON24_S502_N702	0	0	0	0	0	0	0	0	0	0	0	0	0	0	0	0	0	0	0	0	0	0	0	0	0	0	0	0	0	0	0	0	0	0	0	0	0	0	0	0	0	0	7	0	0	0	0	0	0	0
Zotu258_P2_C01_18IZTAC3_S503_N707	0	0	0	0	0	0	0	0	0	0	0	0	0	0	0	0	0	0	0	5	0	0	0	0	0	0	0	0	0	0	0	0	0	0	0	0	0	0	0	0	0	0	0	0	0	0	0	0	0	0
Zotu258_P3_A01_85ACON7_S507_N710	0	0	0	0	0	0	0	0	0	0	0	0	0	0	0	0	0	0	0	0	0	0	0	0	0	5	0	0	0	0	0	0	0	6	8	1	0	0	2	0	0	0	0	0	0	0	0	0	0	0
Zotu25_P1_D05_13SHC4C1_S505_N703	0	0	0	0	259	0	0	0	0	144	0	0	0	0	0	0	0	0	0	0	0	0	0	0	1047	0	1	0	0	0	0	0	0	0	0	0	0	0	0	0	0	0	0	0	0	0	0	0	0	0
Zotu260_P3_A01_85ACON7_S507_N710	0	0	0	0	0	0	0	0	0	0	0	0	0	0	0	0	0	0	0	0	0	0	0	0	0	5	0	0	0	1	0	0	0	0	0	0	0	0	0	0	0	0	0	0	0	0	0	0	0	0
Zotu261_P3_C06_84ACON6_S504_N701	0	0	0	0	0	0	0	0	0	0	0	0	0	0	0	0	0	0	0	0	0	0	0	0	0	2	0	0	0	0	0	0	0	4	6	4	0	1	4	0	0	0	0	0	0	0	0	0	0	0
Zotu262_P3_C06_84ACON6_S504_N701	0	0	0	0	0	0	0	0	0	0	0	0	0	0	0	0	0	0	0	0	0	0	0	0	0	2	0	0	0	0	0	0	0	4	3	3	0	3	3	0	1	0	0	0	0	0	0	0	0	0
Zotu263_P3_C05_110ACON23_S508_N712	0	0	0	0	0	0	0	0	0	0	0	0	0	0	0	0	0	0	0	0	0	0	0	0	0	0	0	0	0	0	0	0	7	0	0	0	0	42	68	0	0	0	1	0	0	0	0	0	0	1
Zotu263_P3_G07_111ACON24_S502_N702	0	0	0	0	0	0	0	0	0	0	0	0	0	0	0	0	0	0	0	0	0	0	0	0	0	0	0	0	0	0	0	0	0	0	0	0	0	0	0	0	0	0	6	0	0	0	0	0	0	0
Zotu267_P3_A01_85ACON7_S507_N710	0	0	0	0	0	0	0	0	0	0	0	0	0	0	0	0	0	0	0	0	0	0	0	0	0	5	0	0	0	0	0	0	0	7	4	2	0	0	3	0	0	0	0	0	0	0	0	0	0	0
Zotu267_P3_A02_39TCONSER9_S503_N711	0	0	0	0	0	0	0	0	0	0	0	0	0	0	0	0	0	0	0	0	0	0	0	0	0	0	5	0	0	0	0	0	0	0	0	0	0	0	0	0	0	0	0	0	0	0	0	0	0	0
Zotu269_P3_C05_110ACON23_S508_N712	0	0	0	0	0	0	0	0	0	0	0	0	0	0	0	0	0	0	0	0	0	0	0	0	0	0	0	0	0	0	0	0	6	0	11	0	111	0	0	0	0	0	0	0	0	0	0	0	0	0
Zotu26_P3_A06_128ACON18_S503_N701	0	0	0	0	0	0	0	0	0	0	0	0	0	0	0	0	0	0	0	0	0	0	0	0	0	0	0	0	219	0	0	0	0	0	0	85	0	0	0	0	0	0	0	0	0	0	0	0	0	0
Zotu26_P3_E04_121ACON11_S505_N712	0	0	0	0	0	0	0	0	0	0	0	0	0	0	0	0	0	0	0	0	0	0	0	0	0	0	0	0	0	0	0	0	0	0	0	0	476	0	0	0	0	0	0	0	0	0	0	0	0	0
Zotu273_P3_C06_84ACON6_S504_N701	0	0	0	0	0	0	0	0	0	0	0	0	0	0	0	0	0	0	0	0	0	0	0	0	0	0	0	0	0	0	0	0	0	4	6	1	0	0	0	0	0	0	0	0	0	0	0	0	0	0
Zotu275_P3_A01_85ACON7_S507_N710	0	0	0	0	0	0	0	0	0	0	0	0	0	0	0	0	0	0	0	0	0	0	0	0	0	4	0	0	0	0	0	1	0	6	3	4	0	1	0	0	0	0	0	0	0	0	0	0	0	0
Zotu276_P3_A01_85ACON7_S507_N710	0	0	0	0	0	0	0	0	0	0	0	0	0	0	0	0	0	0	0	0	0	0	0	0	0	4	0	0	0	0	0	0	0	9	6	3	0	1	1	0	1	0	0	0	0	0	0	0	0	0
Zotu279_P3_G02_82ACON4_S506_N711	0	0	0	0	0	0	0	0	0	0	0	0	0	0	0	0	0	0	0	0	0	0	0	0	0	1	0	0	0	1	0	0	0	0	2	0	0	0	4	0	0	0	0	0	0	0	0	0	0	1
Zotu27_P2_C01_18IZTAC3_S503_N707	0	0	0	0	0	0	0	0	0	0	0	0	0	0	0	0	0	0	0	235	0	0	0	0	0	0	0	0	0	0	0	0	0	0	0	0	0	0	0	0	0	0	0	0	0	0	0	0	0	0
Zotu27_P3_A06_128ACON18_S503_N701	0	0	0	0	0	0	0	0	0	0	0	0	0	0	0	0	0	0	0	0	0	0	0	0	0	0	0	0	208	0	0	94	0	0	0	0	0	0	167	0	0	0	23	0	0	0	0	1	0	0
Zotu282_P3_A01_85ACON7_S507_N710	0	0	0	0	0	0	0	0	0	0	0	0	0	0	0	0	0	0	0	0	0	0	0	0	0	4	0	0	0	1	0	0	0	12	5	3	0	3	5	0	0	0	0	0	0	0	0	0	0	0
Zotu283_P3_A01_85ACON7_S507_N710	0	0	0	0	0	0	0	0	0	0	0	0	0	0	0	0	0	0	0	0	0	0	0	0	0	4	0	0	0	0	0	0	0	0	0	0	0	0	0	1	0	0	0	0	0	0	0	0	0	0
Zotu286_P3_E01_83ACON5_S517_N710	0	0	0	0	0	0	0	0	0	0	0	0	0	0	0	0	0	0	0	0	0	0	0	0	0	1	0	0	0	0	0	0	0	3	4	1	0	0	1	0	1	0	0	0	0	0	0	0	0	0
Zotu287_P3_A02_39TCONSER9_S503_N711	0	0	0	0	0	0	0	0	0	0	0	0	0	0	0	0	0	0	0	0	1	0	0	0	0	0	4	0	0	0	0	0	0	0	0	0	0	0	0	0	0	0	0	0	0	0	0	0	0	0
Zotu28_P3_A01_85ACON7_S507_N710	0	0	0	0	0	0	0	0	0	0	0	0	0	0	0	0	0	0	0	0	0	0	0	0	0	268	0	47	0	1	0	0	0	0	0	143	0	0	0	0	0	0	0	0	0	0	0	0	0	0
Zotu290_P3_A02_39TCONSER9_S503_N711	0	1	0	0	0	0	0	0	0	0	0	0	3	0	0	0	1	0	0	0	1	0	0	0	0	0	4	0	0	0	0	0	0	0	0	0	0	0	0	0	0	0	0	0	0	0	0	0	0	0
Zotu290_P3_G02_82ACON4_S506_N711	0	0	0	0	0	0	0	0	0	0	0	0	0	0	0	0	0	0	0	0	0	0	0	0	0	0	0	0	0	0	0	0	0	1	3	2	0	0	4	0	0	0	0	0	0	0	0	0	0	0
Zotu291_P3_A01_85ACON7_S507_N710	0	0	0	0	0	0	0	0	0	0	0	0	0	0	0	0	0	0	0	0	0	0	0	0	0	4	0	0	0	0	0	0	0	0	0	0	0	0	0	0	0	0	0	0	0	0	0	0	0	0
Zotu293_P3_A01_85ACON7_S507_N710	0	0	0	0	0	0	0	0	0	0	0	0	0	0	0	0	0	0	0	0	0	0	0	0	0	4	0	0	0	0	0	0	0	15	15	0	0	1	5	0	1	0	0	0	0	0	0	0	0	0
Zotu293_P3_C05_110ACON23_S508_N712	0	0	0	0	0	0	0	0	0	0	0	0	0	0	0	0	0	0	0	0	0	0	0	0	0	0	0	0	0	0	0	0	4	0	0	0	0	0	0	0	0	0	0	0	0	0	0	0	0	0
Zotu29_P3_A06_128ACON18_S503_N701	0	0	0	0	0	0	0	0	0	0	0	0	0	0	0	0	0	0	0	0	0	0	0	0	0	0	0	0	191	0	0	0	0	0	292	0	0	0	0	0	12	0	0	0	0	0	0	0	0	0
Zotu29_P3_H03G04_123ACON13_S506_N712	0	0	0	0	0	0	0	0	0	0	0	0	0	0	0	0	0	0	0	0	0	0	0	0	0	0	0	0	0	0	0	0	0	0	0	0	0	0	0	0	0	0	0	0	236	0	0	1	0	571
Zotu34_P1_H08_70SHCON1_S504_N705	0	0	0	0	0	0	0	0	0	0	0	0	0	0	0	268	0	0	0	0	0	0	0	0	0	367	0	0	0	221	0	5	0	62	102	246	0	133	746	0	3	0	0	0	0	0	0	0	0	0
Zotu35_P3_E03_86ACON8_S517_N711	0	0	0	0	0	0	0	0	0	0	0	0	0	0	0	0	0	0	0	0	0	0	0	0	0	0	0	0	0	0	0	0	0	0	0	231	0	0	0	0	0	0	0	0	0	0	0	0	0	0
Zotu36_P3_E04_121ACON11_S505_N712	0	0	0	0	0	0	0	0	0	0	0	0	0	0	0	0	0	0	0	0	0	0	0	0	0	0	0	0	0	0	0	0	0	0	0	0	244	0	0	0	0	0	0	0	0	0	0	0	0	0
Zotu38_P3_A07_81ACON3_S507_N701	0	0	0	0	0	0	0	0	0	0	0	0	0	0	0	0	0	0	0	0	0	0	0	0	0	0	0	0	0	227	0	0	0	0	0	0	0	0	0	0	0	0	0	0	0	0	0	0	0	0
Zotu38_P3_E01_83ACON5_S517_N710	0	0	0	0	0	0	0	0	0	0	0	0	0	0	0	0	0	0	0	0	0	0	0	0	0	0	0	0	0	0	0	0	0	0	146	0	0	0	0	0	11	0	0	0	0	0	0	0	0	0
Zotu39_P3_A06_128ACON18_S503_N701	0	0	0	0	0	0	0	0	0	0	0	0	0	0	0	0	0	0	0	0	0	0	0	0	0	0	0	0	132	1	0	0	0	0	47	0	0	0	89	0	0	7	0	0	0	0	0	177	0	0
Zotu40_P3_E01_83ACON5_S517_N710	0	0	0	0	0	0	0	0	0	0	0	0	0	0	0	0	0	0	0	0	0	0	0	0	0	0	0	0	1	0	0	0	0	0	137	0	0	49	0	0	8	0	0	0	0	0	0	0	0	0
Zotu41_P2_E02_77SHCON8_S508_N707	0	0	0	0	0	0	0	0	0	0	0	0	0	0	0	0	0	0	0	0	0	192	0	0	0	0	0	0	0	0	0	0	0	0	0	0	0	0	0	0	0	0	0	0	0	0	0	0	0	0
Zotu48_P2_C01_18IZTAC3_S503_N707	0	0	0	0	0	0	0	0	0	0	0	0	0	0	0	0	0	0	0	134	0	1	0	0	0	0	0	0	0	0	0	0	0	0	0	0	0	0	0	0	0	0	0	0	0	0	0	0	0	0
Zotu50_P1_E02_21MMC3_S517_N701	0	0	0	0	0	0	0	0	83	0	0	0	0	0	0	0	0	0	0	0	0	0	0	0	0	0	0	0	0	0	0	0	0	0	0	0	0	0	0	0	0	0	0	0	0	0	0	0	0	0
Zotu52_P1_B08_17IZPOC2_S517_N704	0	0	0	51	0	0	0	0	0	0	0	0	0	0	0	0	0	0	0	0	1	0	0	0	0	0	0	0	0	0	0	0	0	0	0	0	0	0	0	0	0	0	0	0	0	0	0	0	0	0
Zotu55_P1_B08_17IZPOC2_S517_N704	0	0	0	51	0	0	0	0	46	0	1	0	0	0	464	0	582	0	0	1	0	0	0	0	0	47	139	0	42	0	0	0	0	0	84	29	0	0	0	37	0	0	125	0	0	0	0	0	0	0
Zotu61_P3_A07_81ACON3_S507_N701	0	0	0	0	0	0	0	0	0	0	0	0	0	0	0	0	0	0	0	0	0	0	0	0	0	0	0	0	0	108	0	0	0	0	0	0	0	0	0	0	0	0	0	0	0	0	0	0	0	0
Zotu62_P4_E03_122ACON12_S504_N704	0	0	0	0	0	0	0	0	0	0	0	0	0	0	0	0	0	0	0	0	0	0	0	0	0	0	0	0	0	0	0	0	0	0	0	0	0	0	0	0	0	0	0	0	0	0	0	0	10	0
Zotu63_P3_A02_39TCONSER9_S503_N711	0	0	0	0	0	0	0	0	0	0	0	0	0	0	0	0	0	0	0	0	0	0	0	0	0	0	183	0	0	0	0	0	0	0	0	0	0	0	0	0	0	0	0	0	0	0	0	0	0	0
Zotu63_P3_E04_121ACON11_S505_N712	0	0	0	0	0	0	0	0	0	0	0	0	0	0	0	0	0	0	0	0	0	0	0	0	0	0	0	0	0	0	0	0	0	0	0	0	102	0	0	838	0	0	0	0	0	0	0	0	0	0
Zotu63_P3_G06_108ACON21_S506_N701	0	0	0	0	0	0	0	0	0	0	0	0	0	0	0	0	0	0	0	0	0	0	0	0	0	0	0	0	0	0	0	0	0	0	0	0	0	0	0	0	0	129	0	0	1	0	0	0	0	0
Zotu65_P3_A07_81ACON3_S507_N701	0	0	0	0	0	0	0	0	0	0	0	0	0	0	0	0	0	0	0	0	0	0	0	0	0	0	0	0	0	91	0	0	0	0	0	0	0	0	0	0	0	0	0	0	0	0	0	0	0	0
Zotu65_P3_E01_83ACON5_S517_N710	0	0	0	0	0	0	0	0	0	0	0	0	0	0	0	0	0	0	0	0	0	0	0	0	0	0	0	0	0	0	0	0	0	0	66	0	0	0	0	0	4	0	0	0	0	0	0	0	0	0
Zotu66_P3_A06_128ACON18_S503_N701	0	0	0	0	0	0	0	0	0	0	0	0	0	0	0	0	0	0	0	0	0	0	0	0	0	0	0	0	43	0	0	0	0	0	0	0	0	0	0	0	0	0	0	0	0	0	0	0	0	0
Zotu69_P2_E02_77SHCON8_S508_N707	0	0	0	0	0	0	0	0	0	0	0	0	0	0	0	0	0	0	0	0	0	70	0	0	15	0	0	0	0	0	0	0	0	0	0	0	0	0	2	0	0	0	0	0	0	0	0	0	0	0
Zotu69_P3_E03_86ACON8_S517_N711	0	0	0	0	0	0	0	0	0	0	0	0	0	0	0	0	0	0	0	0	0	0	0	0	0	0	0	0	0	0	0	0	0	0	0	94	0	0	0	0	0	0	0	0	0	0	0	0	0	0
Zotu71_P3_E04_121ACON11_S505_N712	0	0	0	0	0	0	0	0	0	0	0	0	0	0	0	0	0	0	0	0	0	0	0	0	0	0	0	0	0	0	0	0	0	0	0	0	79	0	0	0	0	0	0	0	0	0	0	0	0	0
Zotu73_P3_C03_125ACON15_S508_N711	0	0	0	0	0	0	0	0	0	0	0	0	0	0	0	0	0	0	0	0	0	0	0	0	0	0	0	0	0	0	23	0	0	0	0	0	0	0	0	0	0	0	0	0	0	0	0	0	0	0
Zotu74_P3_E06_80ACON2_S505_N701	0	0	0	0	0	0	0	0	0	0	0	0	0	0	0	0	0	0	0	0	0	0	0	0	0	0	0	0	0	0	0	0	0	0	0	0	0	72	0	0	0	0	0	0	0	0	0	0	0	0
Zotu75_P3_E03_86ACON8_S517_N711	0	0	0	0	0	0	0	0	0	0	0	0	0	0	0	0	0	0	0	0	0	0	0	0	0	0	0	0	0	0	0	0	0	0	0	84	0	0	0	0	0	0	0	0	0	0	0	0	0	0
Zotu76_P3_E04_121ACON11_S505_N712	0	0	0	0	0	0	0	0	0	0	0	0	0	0	0	0	0	0	0	0	0	0	0	0	0	0	0	0	0	0	0	0	0	0	0	0	72	0	0	0	0	0	0	0	0	0	0	0	0	0
Zotu79_P4_E06_120ACON10_S508_N705	0	0	0	0	0	0	0	0	0	0	0	0	0	0	0	0	0	0	0	0	0	0	0	0	0	0	0	0	0	0	0	0	0	0	0	0	0	0	0	0	0	0	0	0	0	0	0	0	0	65
Zotu7_P1_D07_35TCONS5_S506_N704	0	0	0	0	0	0	2002	0	0	0	0	0	0	0	0	0	0	0	0	0	0	0	0	0	0	0	0	0	0	0	0	0	0	0	0	0	0	0	0	0	0	0	0	0	0	0	0	0	0	0
Zotu81_P1_D07_35TCONS5_S506_N704	0	1	0	0	0	0	98	0	0	0	0	0	0	0	0	0	0	0	0	0	0	0	0	0	0	49	0	0	1	108	0	106	0	0	0	140	0	0	0	0	0	0	0	0	0	0	0	79	0	0
Zotu81_P1_H01_75SHCON6_S506_N701	0	0	0	0	0	0	0	0	0	0	0	0	0	68	0	0	0	0	0	0	0	0	0	0	0	0	0	0	0	0	0	0	0	0	0	0	0	0	0	0	0	0	0	0	0	0	1	0	0	0
Zotu82_P3_A02_39TCONSER9_S503_N711	0	0	0	0	0	0	0	0	0	0	0	0	0	0	0	0	0	0	0	0	0	0	0	0	0	0	134	0	0	0	0	0	0	0	0	0	0	0	0	0	0	0	0	0	0	0	0	0	0	0
Zotu83_P1_F11_78SHCON9_S508_N706	0	0	0	0	0	0	0	0	0	0	44	0	0	0	0	0	0	0	0	0	0	5	0	0	0	0	0	0	0	0	0	0	0	0	0	0	0	0	0	0	0	0	0	0	0	0	0	0	0	0
Zotu85_P3_A07_81ACON3_S507_N701	0	0	0	0	0	0	0	0	0	0	0	0	0	0	0	0	0	0	0	0	0	0	0	0	0	0	0	0	0	53	0	0	0	0	0	0	0	0	0	0	0	0	0	0	0	0	0	0	0	0
Zotu8_P1_B06_71SHCON2_S508_N703	0	0	1129	0	0	0	0	0	0	0	0	0	0	0	0	0	0	0	0	0	0	0	0	0	0	0	0	0	0	0	0	0	0	0	0	0	0	0	0	0	0	0	0	0	0	0	0	0	0	0
Zotu91_P3_A07_81ACON3_S507_N701	0	0	0	0	0	0	0	0	0	0	0	0	0	0	0	0	0	0	0	0	0	0	0	0	0	0	0	0	0	48	0	0	0	0	0	0	0	0	0	0	0	0	0	0	0	0	0	0	0	0
Zotu95_P1_A03_38TCONS8_S503_N702	0	25	0	0	0	0	5	5	0	0	2	0	0	1	0	61	8	0	0	0	0	0	2	0	0	0	33	0	0	0	0	0	0	0	0	0	0	0	0	0	0	0	0	0	0	0	2	0	0	0
Zotu97_P1_D05_13SHC4C1_S505_N703	0	0	0	0	52	0	0	0	0	60	0	0	0	0	0	0	0	0	0	0	0	0	0	0	20	0	0	0	0	0	0	0	0	0	0	0	0	0	0	0	0	0	0	0	0	0	0	0	0	0
Zotu97_P1_E02_21MMC3_S517_N701	0	0	0	0	0	0	0	0	28	0	0	0	0	0	0	0	0	0	0	0	0	0	0	0	0	0	0	0	0	0	0	0	0	0	0	0	0	0	0	0	0	0	0	0	0	0	0	0	0	0
Zotu98_P1_F05_15SHC6C3_S506_N703	0	0	0	0	0	0	0	0	0	29	0	0	0	0	0	0	0	0	0	0	0	0	0	0	0	0	0	0	0	0	0	0	0	0	0	0	0	0	0	0	0	0	0	0	0	0	0	0	0	0
Zotu98_P3_A06_128ACON18_S503_N701	0	0	0	0	0	0	0	0	0	0	0	0	0	0	0	0	0	0	0	0	0	0	0	0	0	0	0	0	16	4	0	0	0	2	0	0	0	0	0	0	0	0	0	0	0	0	0	0	0	10
Zotu9_P1_G02_20MMC2_S502_N702	0	0	0	1	1	0	0	0	0	0	0	711	0	0	0	1090	0	0	0	0	0	2	36	700	0	1	0	0	342	461	0	0	0	1285	0	0	1164	0	492	473	1	0	1	587	0	0	0	0	0	0
